CD,FIPS
101,01033
101,01059
101,01077
101,01079
101,01083
101,01089
101,01103
102,01009
102,01043
102,01049
102,01071
102,01073
102,01095
103,01001
103,01007
103,01021
103,01057
103,01075
103,01093
103,01107
103,01125
103,01127
103,01133
104,01015
104,01019
104,01055
104,01115
104,01117
104,01121
105,01017
105,01027
105,01029
105,01037
105,01051
105,01081
105,01111
105,01123
106,01011
106,01047
106,01063
106,01065
106,01085
106,01087
106,01091
106,01101
106,01105
106,01119
107,01005
107,01013
107,01023
107,01025
107,01031
107,01035
107,01039
107,01041
107,01045
107,01053
107,01061
107,01067
107,01069
107,01099
107,01109
107,01113
107,01129
107,01131
108,01003
108,01097
201,04015
202,04001
202,04005
202,04017
203,04025
204,04007
205,04012
205,04027
206,04013
206,04021
207,04003
207,04009
207,04011
207,04019
207,04023
301,05007
301,05009
301,05015
301,05087
301,05101
301,05143
302,05005
302,05023
302,05049
302,05065
302,05089
302,05129
302,05135
302,05137
302,05141
303,05021
303,05031
303,05055
303,05063
303,05067
303,05075
303,05093
303,05111
303,05121
303,05145
304,05033
304,05047
304,05071
304,05083
304,05113
304,05115
304,05127
304,05131
304,05149
305,05029
305,05045
305,05051
305,05053
305,05059
305,05105
305,05119
305,05125
306,05001
306,05035
306,05037
306,05077
306,05085
306,05095
306,05107
306,05117
306,05123
306,05147
307,05057
307,05061
307,05073
307,05081
307,05091
307,05097
307,05109
307,05133
308,05011
308,05013
308,05019
308,05025
308,05027
308,05039
308,05099
308,05103
308,05139
309,05003
309,05017
309,05041
309,05043
309,05069
309,05079
401,06015
401,06021
401,06023
401,06033
401,06041
401,06045
401,06049
401,06055
401,06093
401,06095
401,06097
401,06105
402,06003
402,06005
402,06007
402,06011
402,06017
402,06021
402,06033
402,06035
402,06049
402,06055
402,06057
402,06061
402,06063
402,06067
402,06089
402,06091
402,06093
402,06095
402,06101
402,06103
402,06113
402,06115
403,06003
403,06017
403,06035
403,06049
403,06051
403,06057
403,06061
403,06091
404,06001
404,06013
404,06053
404,06069
404,06075
404,06079
404,06081
404,06085
404,06087
405,06001
405,06003
405,06005
405,06009
405,06013
405,06017
405,06019
405,06029
405,06031
405,06039
405,06043
405,06047
405,06067
405,06069
405,06077
405,06079
405,06099
405,06107
405,06109
406,06029
406,06037
406,06059
406,06065
406,06071
406,06073
406,06079
406,06083
406,06111
407,06025
407,06027
407,06029
407,06037
407,06051
407,06065
407,06071
407,06073
501,08009
501,08011
501,08015
501,08017
501,08023
501,08025
501,08027
501,08039
501,08041
501,08043
501,08055
501,08061
501,08065
501,08071
501,08073
501,08089
501,08093
501,08099
501,08101
501,08109
501,08119
502,08007
502,08029
502,08033
502,08037
502,08045
502,08049
502,08051
502,08053
502,08067
502,08077
502,08079
502,08081
502,08083
502,08085
502,08091
502,08097
502,08103
502,08107
502,08109
502,08111
502,08113
502,08117
503,08017
503,08039
503,08061
503,08063
503,08073
503,08075
503,08095
503,08115
503,08121
503,08125
504,08001
504,08005
504,08013
504,08019
504,08031
504,08035
504,08039
504,08041
504,08047
504,08057
504,08059
504,08069
504,08073
504,08075
504,08087
504,08093
504,08115
504,08119
504,08121
504,08123
505,08003
505,08007
505,08021
505,08023
505,08053
505,08079
505,08105
505,08109
505,08111
601,09003
601,09005
601,09009
602,09001
602,09003
602,09005
602,09007
602,09009
602,09011
602,09013
602,09015
603,09001
603,09007
603,09009
603,09011
701,10003
702,10001
702,10005
801,12005
801,12013
801,12033
801,12037
801,12039
801,12045
801,12059
801,12063
801,12065
801,12073
801,12077
801,12091
801,12113
801,12129
801,12131
801,12133
802,12001
802,12003
802,12007
802,12019
802,12023
802,12029
802,12031
802,12035
802,12041
802,12047
802,12067
802,12075
802,12079
802,12089
802,12107
802,12109
802,12121
802,12123
802,12125
803,12009
803,12017
803,12053
803,12069
803,12083
803,12095
803,12101
803,12117
803,12119
803,12127
804,12009
804,12027
804,12049
804,12055
804,12057
804,12061
804,12081
804,12093
804,12097
804,12103
804,12105
804,12111
804,12115
805,12011
805,12015
805,12021
805,12043
805,12051
805,12071
805,12085
805,12086
805,12087
805,12093
805,12099
806,12011
806,12085
806,12086
806,12087
806,12099
807,12086
901,13015
901,13047
901,13055
901,13083
901,13115
901,13129
901,13213
901,13223
901,13233
901,13295
901,13313
902,13013
902,13057
902,13059
902,13067
902,13085
902,13089
902,13111
902,13117
902,13121
902,13123
902,13135
902,13139
902,13157
902,13187
902,13219
902,13227
902,13281
902,13291
902,13297
902,13311
903,13011
903,13105
903,13119
903,13137
903,13147
903,13181
903,13195
903,13221
903,13241
903,13257
903,13317
904,13045
904,13053
904,13063
904,13077
904,13097
904,13113
904,13143
904,13145
904,13149
904,13151
904,13171
904,13193
904,13197
904,13199
904,13215
904,13231
904,13249
904,13255
904,13263
904,13269
904,13285
904,13293
905,13009
905,13021
905,13023
905,13035
905,13079
905,13091
905,13133
905,13141
905,13153
905,13159
905,13167
905,13169
905,13175
905,13207
905,13209
905,13211
905,13217
905,13225
905,13235
905,13237
905,13247
905,13265
905,13283
905,13289
905,13303
905,13309
905,13319
906,13031
906,13033
906,13043
906,13073
906,13103
906,13107
906,13125
906,13163
906,13165
906,13189
906,13245
906,13251
906,13301
907,13007
907,13037
907,13061
907,13087
907,13095
907,13099
907,13131
907,13177
907,13201
907,13205
907,13239
907,13243
907,13253
907,13259
907,13261
907,13273
907,13275
907,13307
908,13003
908,13017
908,13019
908,13027
908,13065
908,13069
908,13071
908,13075
908,13081
908,13093
908,13101
908,13155
908,13161
908,13173
908,13185
908,13271
908,13277
908,13287
908,13315
908,13321
909,13001
909,13005
909,13025
909,13029
909,13039
909,13049
909,13051
909,13109
909,13127
909,13179
909,13183
909,13191
909,13229
909,13267
909,13279
909,13299
909,13305
1001,16009
1001,16017
1001,16021
1001,16055
1001,16057
1002,16009
1002,16035
1002,16049
1002,16057
1002,16061
1002,16069
1003,16035
1003,16049
1003,16061
1003,16069
1004,16001
1004,16003
1004,16009
1004,16013
1004,16015
1004,16017
1004,16025
1004,16035
1004,16037
1004,16039
1004,16045
1004,16049
1004,16055
1004,16057
1004,16059
1004,16079
1004,16085
1004,16087
1005,16001
1005,16003
1005,16027
1005,16039
1005,16045
1005,16073
1005,16075
1005,16087
1006,16031
1006,16073
1006,16083
1007,16013
1007,16025
1007,16031
1007,16039
1007,16047
1007,16053
1007,16063
1007,16067
1007,16073
1007,16083
1008,16023
1008,16033
1008,16037
1008,16059
1009,16005
1009,16011
1009,16013
1009,16019
1009,16023
1009,16031
1009,16033
1009,16043
1009,16051
1009,16065
1009,16067
1009,16077
1010,16005
1010,16007
1010,16011
1010,16019
1010,16029
1010,16031
1010,16033
1010,16041
1010,16043
1010,16051
1010,16065
1010,16071
1010,16077
1010,16081
1101,17011
1101,17015
1101,17073
1101,17085
1101,17103
1101,17131
1101,17141
1101,17155
1101,17161
1101,17177
1101,17195
1101,17201
1102,17007
1102,17031
1102,17037
1102,17043
1102,17063
1102,17089
1102,17093
1102,17097
1102,17099
1102,17111
1102,17197
1103,17001
1103,17009
1103,17057
1103,17067
1103,17071
1103,17095
1103,17109
1103,17169
1103,17187
1104,17039
1104,17107
1104,17113
1104,17115
1104,17123
1104,17125
1104,17129
1104,17143
1104,17175
1104,17179
1104,17203
1105,17019
1105,17053
1105,17075
1105,17091
1105,17105
1105,17147
1105,17183
1106,17005
1106,17013
1106,17017
1106,17021
1106,17061
1106,17083
1106,17117
1106,17119
1106,17135
1106,17137
1106,17149
1106,17167
1106,17171
1107,17023
1107,17025
1107,17029
1107,17033
1107,17035
1107,17041
1107,17045
1107,17049
1107,17051
1107,17079
1107,17101
1107,17121
1107,17139
1107,17159
1107,17173
1108,17003
1108,17027
1108,17077
1108,17087
1108,17133
1108,17145
1108,17153
1108,17157
1108,17163
1108,17181
1108,17189
1109,17047
1109,17055
1109,17059
1109,17065
1109,17069
1109,17081
1109,17127
1109,17151
1109,17165
1109,17185
1109,17191
1109,17193
1109,17199
1201,18007
1201,18073
1201,18089
1201,18091
1201,18111
1201,18127
1201,18131
1201,18149
1201,18181
1202,18015
1202,18017
1202,18039
1202,18049
1202,18085
1202,18099
1202,18103
1202,18141
1202,18169
1203,18001
1203,18003
1203,18009
1203,18033
1203,18069
1203,18087
1203,18113
1203,18151
1203,18179
1203,18183
1204,18021
1204,18045
1204,18107
1204,18119
1204,18121
1204,18133
1204,18157
1204,18165
1204,18167
1204,18171
1205,18005
1205,18011
1205,18023
1205,18031
1205,18053
1205,18057
1205,18059
1205,18063
1205,18067
1205,18081
1205,18095
1205,18097
1205,18109
1205,18139
1205,18145
1205,18159
1206,18009
1206,18035
1206,18041
1206,18065
1206,18075
1206,18135
1206,18161
1206,18177
1207,18027
1207,18037
1207,18051
1207,18055
1207,18083
1207,18101
1207,18125
1207,18129
1207,18147
1207,18153
1207,18163
1207,18173
1208,18013
1208,18025
1208,18043
1208,18061
1208,18071
1208,18093
1208,18105
1208,18117
1208,18123
1208,18175
1209,18019
1209,18029
1209,18047
1209,18077
1209,18079
1209,18115
1209,18137
1209,18143
1209,18155
1301,19021
1301,19035
1301,19041
1301,19059
1301,19063
1301,19119
1301,19141
1301,19143
1301,19147
1301,19149
1301,19151
1301,19167
1302,19023
1302,19033
1302,19067
1302,19069
1302,19081
1302,19091
1302,19109
1302,19131
1302,19189
1302,19195
1302,19197
1303,19005
1303,19013
1303,19017
1303,19019
1303,19037
1303,19043
1303,19055
1303,19061
1303,19065
1303,19089
1303,19191
1304,19009
1304,19025
1304,19027
1304,19047
1304,19073
1304,19077
1304,19085
1304,19093
1304,19133
1304,19161
1304,19165
1304,19193
1305,19015
1305,19049
1305,19075
1305,19079
1305,19083
1305,19099
1305,19127
1305,19153
1305,19157
1305,19169
1305,19171
1305,19187
1306,19011
1306,19031
1306,19045
1306,19095
1306,19097
1306,19103
1306,19105
1306,19113
1306,19139
1306,19163
1307,19001
1307,19003
1307,19029
1307,19071
1307,19129
1307,19137
1307,19145
1307,19155
1307,19173
1308,19007
1308,19039
1308,19053
1308,19117
1308,19121
1308,19125
1308,19135
1308,19159
1308,19175
1308,19181
1308,19185
1309,19051
1309,19057
1309,19087
1309,19101
1309,19107
1309,19111
1309,19115
1309,19123
1309,19177
1309,19179
1309,19183
1401,20023
1401,20039
1401,20065
1401,20137
1401,20153
1401,20179
1401,20181
1401,20193
1402,20027
1402,20029
1402,20089
1402,20123
1402,20141
1402,20143
1402,20147
1402,20157
1402,20163
1402,20183
1402,20201
1403,20005
1403,20013
1403,20043
1403,20085
1403,20087
1403,20103
1403,20117
1403,20131
1403,20149
1403,20161
1403,20209
1404,20063
1404,20071
1404,20101
1404,20109
1404,20135
1404,20171
1404,20195
1404,20199
1404,20203
1405,20009
1405,20041
1405,20051
1405,20053
1405,20105
1405,20113
1405,20115
1405,20159
1405,20165
1405,20167
1405,20169
1406,20003
1406,20017
1406,20031
1406,20045
1406,20059
1406,20061
1406,20091
1406,20107
1406,20111
1406,20121
1406,20127
1406,20139
1406,20177
1406,20197
1407,20025
1407,20055
1407,20057
1407,20067
1407,20069
1407,20075
1407,20081
1407,20083
1407,20093
1407,20119
1407,20129
1407,20175
1407,20187
1407,20189
1408,20007
1408,20033
1408,20047
1408,20077
1408,20079
1408,20095
1408,20097
1408,20145
1408,20151
1408,20155
1408,20173
1408,20185
1408,20191
1409,20001
1409,20011
1409,20015
1409,20019
1409,20021
1409,20035
1409,20037
1409,20049
1409,20073
1409,20099
1409,20125
1409,20133
1409,20205
1409,20207
1501,21007
1501,21033
1501,21035
1501,21039
1501,21047
1501,21055
1501,21059
1501,21075
1501,21083
1501,21091
1501,21101
1501,21105
1501,21107
1501,21139
1501,21141
1501,21143
1501,21145
1501,21149
1501,21157
1501,21177
1501,21183
1501,21213
1501,21219
1501,21221
1501,21225
1501,21233
1502,21001
1502,21003
1502,21009
1502,21027
1502,21029
1502,21031
1502,21045
1502,21053
1502,21057
1502,21061
1502,21085
1502,21087
1502,21093
1502,21099
1502,21111
1502,21123
1502,21155
1502,21163
1502,21169
1502,21171
1502,21179
1502,21207
1502,21217
1502,21227
1503,21005
1503,21011
1503,21015
1503,21017
1503,21021
1503,21023
1503,21037
1503,21041
1503,21049
1503,21067
1503,21069
1503,21073
1503,21077
1503,21079
1503,21081
1503,21097
1503,21103
1503,21113
1503,21117
1503,21137
1503,21151
1503,21161
1503,21167
1503,21173
1503,21181
1503,21185
1503,21187
1503,21191
1503,21201
1503,21209
1503,21211
1503,21215
1503,21223
1503,21229
1503,21239
1504,21013
1504,21019
1504,21025
1504,21043
1504,21051
1504,21063
1504,21065
1504,21071
1504,21089
1504,21095
1504,21109
1504,21115
1504,21119
1504,21121
1504,21125
1504,21127
1504,21129
1504,21131
1504,21133
1504,21135
1504,21147
1504,21153
1504,21159
1504,21165
1504,21175
1504,21189
1504,21193
1504,21195
1504,21197
1504,21199
1504,21203
1504,21205
1504,21231
1504,21235
1504,21237
1601,22015
1601,22017
1601,22031
1601,22081
1601,22119
1602,22013
1602,22021
1602,22027
1602,22049
1602,22061
1602,22073
1602,22111
1602,22127
1603,22035
1603,22041
1603,22065
1603,22067
1603,22083
1603,22107
1603,22123
1604,22069
1604,22085
1604,22115
1605,22009
1605,22025
1605,22029
1605,22039
1605,22043
1605,22059
1605,22079
1605,22097
1606,22033
1606,22037
1606,22063
1606,22077
1606,22091
1606,22103
1606,22105
1606,22117
1606,22121
1606,22125
1607,22001
1607,22003
1607,22011
1607,22019
1607,22023
1607,22053
1607,22113
1608,22007
1608,22045
1608,22047
1608,22055
1608,22099
1608,22101
1609,22005
1609,22051
1609,22057
1609,22071
1609,22075
1609,22087
1609,22089
1609,22093
1609,22095
1609,22109
1701,23003
1701,23007
1701,23017
1701,23019
1701,23021
1701,23025
1702,23001
1702,23005
1702,23007
1702,23009
1702,23011
1702,23015
1702,23017
1702,23019
1702,23021
1702,23023
1702,23025
1702,23027
1702,23029
1702,23031
1703,23001
1703,23005
1703,23009
1703,23011
1703,23013
1703,23015
1703,23023
1703,23027
1703,23029
1703,23031
1801,24039
1801,24045
1801,24047
1802,24011
1802,24019
1802,24041
1803,24009
1803,24017
1803,24037
1804,11001
1804,24003
1804,24033
1805,24029
1805,24035
1806,24005
1806,24013
1806,24015
1806,24021
1806,24025
1806,24027
1806,24031
1806,24510
1807,24001
1807,24043
1808,24023
1901,25003
1901,25011
1901,25013
1901,25015
1902,25005
1902,25009
1902,25011
1902,25013
1902,25015
1902,25017
1902,25021
1902,25025
1902,25027
1903,25001
1903,25005
1903,25007
1903,25009
1903,25017
1903,25019
1903,25021
1903,25023
1903,25025
2001,26013
2001,26043
2001,26053
2001,26061
2001,26071
2001,26083
2001,26103
2001,26109
2001,26131
2002,26003
2002,26033
2002,26041
2002,26095
2002,26097
2002,26153
2003,26009
2003,26019
2003,26029
2003,26047
2003,26055
2003,26079
2003,26089
2003,26101
2003,26113
2003,26165
2004,26001
2004,26007
2004,26031
2004,26039
2004,26069
2004,26119
2004,26129
2004,26135
2004,26137
2004,26141
2004,26143
2005,26085
2005,26105
2005,26121
2005,26123
2005,26127
2006,26035
2006,26051
2006,26057
2006,26073
2006,26107
2006,26111
2006,26117
2006,26133
2007,26011
2007,26017
2007,26063
2007,26145
2007,26151
2007,26157
2008,26005
2008,26021
2008,26027
2008,26077
2008,26081
2008,26139
2008,26159
2009,26015
2009,26023
2009,26025
2009,26037
2009,26045
2009,26059
2009,26065
2009,26067
2009,26075
2009,26149
2009,26155
2010,26049
2010,26087
2010,26091
2010,26093
2010,26099
2010,26115
2010,26125
2010,26147
2010,26161
2010,26163
2101,27005
2101,27027
2101,27029
2101,27069
2101,27087
2101,27089
2101,27107
2101,27113
2101,27119
2101,27125
2101,27135
2102,27007
2102,27021
2102,27057
2102,27061
2102,27071
2102,27077
2103,27031
2103,27075
2103,27137
2104,27011
2104,27023
2104,27041
2104,27051
2104,27073
2104,27111
2104,27121
2104,27149
2104,27151
2104,27155
2104,27167
2104,27173
2105,27009
2105,27019
2105,27067
2105,27085
2105,27093
2105,27097
2105,27129
2105,27139
2105,27141
2105,27143
2105,27145
2105,27153
2105,27159
2105,27171
2106,27001
2106,27003
2106,27017
2106,27025
2106,27035
2106,27053
2106,27059
2106,27065
2106,27095
2106,27115
2106,27123
2106,27163
2107,27033
2107,27063
2107,27081
2107,27083
2107,27101
2107,27105
2107,27117
2107,27127
2107,27133
2108,27013
2108,27015
2108,27043
2108,27047
2108,27079
2108,27091
2108,27103
2108,27131
2108,27147
2108,27161
2108,27165
2109,27037
2109,27039
2109,27045
2109,27049
2109,27055
2109,27099
2109,27109
2109,27157
2109,27169
2201,28011
2201,28027
2201,28119
2201,28135
2201,28143
2202,28009
2202,28013
2202,28033
2202,28043
2202,28071
2202,28093
2202,28107
2202,28137
2202,28161
2203,28003
2203,28057
2203,28081
2203,28115
2203,28117
2203,28139
2203,28141
2203,28145
2204,28053
2204,28055
2204,28083
2204,28125
2204,28133
2204,28151
2204,28163
2205,28007
2205,28015
2205,28019
2205,28051
2205,28079
2205,28089
2205,28097
2205,28121
2205,28123
2205,28155
2206,28017
2206,28025
2206,28069
2206,28087
2206,28095
2206,28099
2206,28103
2206,28105
2206,28159
2207,22107
2207,28001
2207,28005
2207,28021
2207,28029
2207,28037
2207,28049
2207,28063
2207,28085
2207,28149
2207,28157
2208,28031
2208,28065
2208,28073
2208,28077
2208,28091
2208,28113
2208,28127
2208,28129
2208,28147
2209,28023
2209,28035
2209,28041
2209,28061
2209,28067
2209,28075
2209,28101
2209,28111
2209,28153
2210,28039
2210,28045
2210,28047
2210,28059
2210,28109
2210,28131
2301,29003
2301,29005
2301,29021
2301,29025
2301,29033
2301,29041
2301,29047
2301,29049
2301,29061
2301,29063
2301,29075
2301,29079
2301,29081
2301,29087
2301,29089
2301,29095
2301,29107
2301,29115
2301,29117
2301,29129
2301,29147
2301,29165
2301,29171
2301,29177
2301,29195
2301,29211
2301,29227
2302,29001
2302,29007
2302,29019
2302,29027
2302,29045
2302,29071
2302,29073
2302,29103
2302,29111
2302,29113
2302,29121
2302,29127
2302,29137
2302,29139
2302,29151
2302,29163
2302,29173
2302,29175
2302,29183
2302,29189
2302,29197
2302,29199
2302,29205
2302,29219
2302,29510
2303,29013
2303,29015
2303,29029
2303,29037
2303,29039
2303,29051
2303,29053
2303,29083
2303,29085
2303,29101
2303,29131
2303,29135
2303,29141
2303,29159
2303,29185
2303,29217
2304,29009
2304,29011
2304,29043
2304,29057
2304,29059
2304,29067
2304,29077
2304,29097
2304,29105
2304,29109
2304,29119
2304,29145
2304,29153
2304,29167
2304,29209
2304,29213
2304,29225
2304,29229
2305,29017
2305,29031
2305,29035
2305,29055
2305,29065
2305,29091
2305,29093
2305,29099
2305,29123
2305,29125
2305,29149
2305,29157
2305,29161
2305,29169
2305,29179
2305,29181
2305,29186
2305,29187
2305,29203
2305,29215
2305,29221
2305,29223
2306,29023
2306,29069
2306,29133
2306,29143
2306,29155
2306,29201
2306,29207
2401,30023
2401,30029
2401,30039
2401,30047
2401,30053
2401,30061
2401,30063
2401,30077
2401,30081
2401,30089
2402,30001
2402,30031
2402,30043
2402,30057
2402,30093
2403,30005
2403,30015
2403,30035
2403,30041
2403,30051
2403,30071
2403,30073
2403,30099
2403,30101
2404,30007
2404,30013
2404,30027
2404,30037
2404,30045
2404,30049
2404,30059
2404,30065
2404,30069
2404,30107
2405,30003
2405,30009
2405,30067
2405,30095
2405,30097
2405,30103
2405,30111
2406,30019
2406,30021
2406,30033
2406,30055
2406,30083
2406,30085
2406,30091
2406,30105
2407,30011
2407,30017
2407,30025
2407,30075
2407,30079
2407,30087
2407,30109
2501,31007
2501,31013
2501,31033
2501,31045
2501,31049
2501,31069
2501,31105
2501,31123
2501,31157
2501,31161
2501,31165
2502,31005
2502,31009
2502,31015
2502,31017
2502,31031
2502,31071
2502,31075
2502,31089
2502,31091
2502,31103
2502,31113
2502,31115
2502,31117
2502,31149
2502,31171
2502,31183
2503,31003
2503,31011
2503,31021
2503,31027
2503,31039
2503,31043
2503,31051
2503,31107
2503,31119
2503,31139
2503,31167
2503,31173
2503,31179
2505,31019
2505,31041
2505,31047
2505,31077
2505,31079
2505,31093
2505,31163
2505,31175
2506,31023
2506,31025
2506,31037
2506,31053
2506,31055
2506,31081
2506,31109
2506,31121
2506,31125
2506,31141
2506,31143
2506,31153
2506,31155
2506,31159
2506,31177
2506,31185
2507,31029
2507,31057
2507,31063
2507,31085
2507,31087
2507,31101
2507,31111
2507,31135
2507,31145
2508,31001
2508,31061
2508,31065
2508,31073
2508,31083
2508,31099
2508,31137
2508,31181
2509,31035
2509,31059
2509,31067
2509,31095
2509,31097
2509,31127
2509,31129
2509,31131
2509,31133
2509,31147
2509,31151
2509,31169
2601,32001
2601,32005
2601,32013
2601,32019
2601,32027
2601,32029
2601,32031
2601,32510
2602,32007
2602,32011
2602,32015
2602,32033
2603,32003
2603,32009
2603,32017
2603,32021
2603,32023
2604,32003
2604,32017
2604,32023
2701,33007
2701,33009
2702,33001
2702,33003
2702,33005
2702,33007
2702,33009
2702,33011
2702,33013
2702,33015
2702,33017
2702,33019
2801,34003
2801,34013
2801,34017
2801,34019
2801,34027
2801,34031
2801,34035
2801,34037
2801,34039
2801,34041
2802,34001
2802,34005
2802,34007
2802,34009
2802,34011
2802,34015
2802,34021
2802,34023
2802,34025
2802,34029
2802,34033
2803,34001
2803,34009
2803,34025
2803,34029
2901,35006
2901,35031
2901,35039
2901,35043
2901,35045
2902,35007
2902,35021
2902,35028
2902,35031
2902,35033
2902,35039
2902,35043
2902,35047
2902,35049
2902,35055
2902,35059
2903,35007
2903,35009
2903,35019
2903,35021
2903,35033
2903,35037
2903,35041
2903,35047
2903,35059
2904,35001
2904,35003
2904,35006
2904,35017
2904,35031
2904,35043
2904,35051
2904,35053
2904,35061
2905,35001
2905,35006
2905,35013
2905,35027
2905,35035
2905,35043
2905,35051
2905,35053
2905,35057
2905,35061
2906,35001
2906,35005
2906,35019
2906,35027
2906,35035
2906,35043
2906,35047
2906,35049
2906,35053
2906,35057
2906,35061
2907,35005
2907,35011
2907,35015
2907,35019
2907,35025
2907,35027
2907,35035
2907,35047
2908,35003
2908,35005
2908,35013
2908,35015
2908,35017
2908,35023
2908,35027
2908,35029
2908,35035
2908,35051
3001,36003
3001,36009
3001,36015
3001,36101
3002,36001
3002,36007
3002,36017
3002,36023
3002,36025
3002,36039
3002,36053
3002,36071
3002,36077
3002,36093
3002,36095
3002,36105
3002,36107
3002,36111
3003,36031
3003,36033
3003,36041
3003,36043
3003,36049
3003,36065
3003,36089
3003,36091
3003,36113
3004,36047
3004,36059
3004,36081
3004,36085
3004,36103
3005,36001
3005,36005
3005,36021
3005,36027
3005,36039
3005,36061
3005,36071
3005,36079
3005,36083
3005,36087
3005,36091
3005,36093
3005,36111
3005,36113
3005,36115
3005,36119
3006,36035
3006,36043
3006,36057
3006,36065
3006,36075
3006,36091
3006,36093
3007,36019
3007,36031
3007,36113
3007,36115
3008,36033
3008,36089
3009,36011
3009,36013
3009,36029
3009,36037
3009,36045
3009,36055
3009,36063
3009,36067
3009,36073
3009,36075
3009,36117
3010,36011
3010,36051
3010,36067
3010,36069
3010,36097
3010,36099
3010,36109
3010,36121
3010,36123
3101,37021
3101,37023
3101,37039
3101,37043
3101,37075
3101,37087
3101,37089
3101,37099
3101,37111
3101,37113
3101,37115
3101,37121
3101,37149
3101,37161
3101,37173
3101,37175
3101,37199
3102,37005
3102,37009
3102,37011
3102,37027
3102,37171
3102,37189
3102,37193
3102,37197
3103,37001
3103,37033
3103,37063
3103,37067
3103,37069
3103,37077
3103,37081
3103,37135
3103,37145
3103,37157
3103,37169
3103,37181
3103,37185
3104,37003
3104,37035
3104,37037
3104,37057
3104,37059
3104,37097
3104,37105
3104,37151
3104,37159
3104,37183
3105,37007
3105,37025
3105,37045
3105,37071
3105,37109
3105,37119
3105,37123
3105,37125
3105,37153
3105,37167
3105,37179
3106,37017
3106,37019
3106,37047
3106,37051
3106,37061
3106,37085
3106,37093
3106,37129
3106,37133
3106,37141
3106,37155
3106,37163
3106,37165
3107,37013
3107,37031
3107,37049
3107,37079
3107,37095
3107,37101
3107,37103
3107,37107
3107,37137
3107,37147
3107,37191
3107,37195
3108,37015
3108,37029
3108,37041
3108,37053
3108,37055
3108,37065
3108,37073
3108,37083
3108,37091
3108,37117
3108,37127
3108,37131
3108,37139
3108,37143
3108,37177
3108,37187
3201,38013
3201,38023
3201,38061
3201,38075
3201,38101
3201,38105
3202,38005
3202,38009
3202,38049
3202,38069
3202,38079
3203,38019
3203,38035
3203,38063
3203,38067
3203,38071
3203,38095
3203,38099
3204,38025
3204,38053
3204,38055
3204,38057
3204,38065
3205,38027
3205,38031
3205,38043
3205,38083
3205,38093
3205,38103
3206,38003
3206,38017
3206,38039
3206,38091
3206,38097
3207,38001
3207,38007
3207,38011
3207,38033
3207,38041
3207,38087
3207,38089
3208,38015
3208,38029
3208,38037
3208,38059
3208,38085
3209,38021
3209,38045
3209,38047
3209,38051
3209,38073
3209,38077
3209,38081
3301,39003
3301,39039
3301,39051
3301,39063
3301,39069
3301,39095
3301,39125
3301,39137
3301,39161
3301,39171
3301,39173
3302,39033
3302,39043
3302,39077
3302,39093
3302,39123
3302,39143
3302,39147
3302,39175
3303,39007
3303,39035
3303,39055
3303,39085
3303,39103
3303,39133
3303,39153
3303,39155
3304,39011
3304,39021
3304,39023
3304,39037
3304,39065
3304,39091
3304,39107
3304,39109
3304,39149
3305,39041
3305,39045
3305,39047
3305,39049
3305,39089
3305,39097
3305,39101
3305,39117
3305,39129
3305,39159
3306,39005
3306,39031
3306,39075
3306,39083
3306,39139
3306,39169
3307,39019
3307,39029
3307,39067
3307,39081
3307,39099
3307,39151
3307,39157
3308,39015
3308,39017
3308,39025
3308,39027
3308,39057
3308,39061
3308,39071
3308,39113
3308,39135
3308,39165
3309,39001
3309,39053
3309,39079
3309,39087
3309,39105
3309,39131
3309,39141
3309,39145
3310,39009
3310,39013
3310,39059
3310,39073
3310,39111
3310,39115
3310,39119
3310,39121
3310,39127
3310,39163
3310,39167
3401,40007
3401,40025
3401,40045
3401,40059
3401,40139
3402,40003
3402,40047
3402,40053
3402,40071
3402,40093
3402,40103
3402,40151
3402,40153
3403,40035
3403,40041
3403,40097
3403,40105
3403,40113
3403,40115
3403,40117
3403,40131
3403,40143
3403,40145
3403,40147
3404,40009
3404,40011
3404,40039
3404,40043
3404,40129
3404,40149
3405,40017
3405,40027
3405,40037
3405,40051
3405,40073
3405,40081
3405,40083
3405,40087
3405,40107
3405,40109
3405,40119
3405,40125
3405,40133
3406,40001
3406,40021
3406,40061
3406,40063
3406,40091
3406,40101
3406,40111
3406,40121
3406,40135
3407,40015
3407,40031
3407,40033
3407,40055
3407,40057
3407,40065
3407,40075
3407,40141
3408,40005
3408,40013
3408,40019
3408,40029
3408,40049
3408,40067
3408,40069
3408,40085
3408,40095
3408,40099
3408,40123
3408,40137
3409,40023
3409,40077
3409,40079
3409,40089
3409,40127
3501,41003
3501,41007
3501,41009
3501,41011
3501,41015
3501,41019
3501,41039
3501,41041
3501,41053
3501,41057
3501,41067
3501,41071
3502,41003
3502,41005
3502,41009
3502,41039
3502,41041
3502,41043
3502,41047
3502,41051
3502,41053
3502,41067
3502,41071
3503,41019
3503,41029
3503,41033
3504,41005
3504,41039
3504,41043
3504,41047
3504,41051
3505,41017
3505,41035
3505,41037
3506,41021
3506,41027
3506,41049
3506,41055
3506,41059
3506,41065
3507,41013
3507,41017
3507,41023
3507,41025
3507,41031
3507,41035
3507,41037
3507,41069
3508,41001
3508,41023
3508,41049
3508,41059
3508,41061
3508,41063
3509,41045
3601,42069
3601,42079
3601,42089
3601,42103
3601,42127
3602,42025
3602,42077
3602,42095
3602,42107
3603,42011
3603,42017
3603,42029
3603,42043
3603,42045
3603,42071
3603,42075
3603,42091
3603,42101
3604,42001
3604,42041
3604,42055
3604,42133
3605,42037
3605,42043
3605,42067
3605,42081
3605,42087
3605,42093
3605,42097
3605,42099
3605,42109
3605,42119
3606,42015
3606,42113
3606,42115
3606,42117
3606,42131
3607,42023
3607,42027
3607,42033
3607,42035
3607,42047
3608,42009
3608,42013
3608,42021
3608,42057
3608,42061
3609,42003
3609,42005
3609,42007
3609,42019
3609,42051
3609,42059
3609,42063
3609,42073
3609,42111
3609,42125
3609,42129
3610,42031
3610,42039
3610,42049
3610,42053
3610,42065
3610,42083
3610,42085
3610,42105
3610,42121
3610,42123
3701,44003
3701,44005
3701,44007
3701,44009
3801,45045
3801,45073
3801,45077
3802,45007
3802,45021
3802,45045
3802,45059
3802,45073
3802,45077
3802,45083
3802,45087
3803,45023
3803,45039
3803,45055
3803,45057
3803,45091
3804,45025
3804,45031
3804,45033
3804,45041
3804,45043
3804,45051
3804,45067
3804,45069
3804,45089
3805,45001
3805,45003
3805,45037
3805,45047
3805,45065
3805,45071
3805,45081
3806,45017
3806,45027
3806,45061
3806,45063
3806,45075
3806,45079
3806,45085
3807,45005
3807,45009
3807,45011
3807,45013
3807,45015
3807,45019
3807,45029
3807,45035
3807,45049
3807,45053
3901,46019
3901,46031
3901,46063
3901,46081
3901,46093
3901,46105
3901,46137
3902,46021
3902,46031
3902,46041
3902,46045
3902,46049
3902,46089
3902,46107
3902,46129
3903,46013
3903,46025
3903,46029
3903,46037
3903,46045
3903,46049
3903,46051
3903,46089
3903,46091
3903,46109
3903,46115
3904,46033
3904,46047
3904,46081
3904,46093
3904,46103
3905,46007
3905,46033
3905,46047
3905,46055
3905,46071
3905,46081
3905,46093
3905,46103
3905,46113
3906,46015
3906,46017
3906,46041
3906,46049
3906,46055
3906,46059
3906,46065
3906,46069
3906,46071
3906,46075
3906,46085
3906,46107
3906,46117
3906,46119
3906,46137
3907,46005
3907,46011
3907,46017
3907,46025
3907,46029
3907,46039
3907,46049
3907,46051
3907,46057
3907,46059
3907,46073
3907,46077
3907,46079
3907,46097
3907,46101
3907,46111
3907,46115
3908,46007
3908,46023
3908,46053
3908,46071
3908,46095
3908,46121
3908,46123
3909,46003
3909,46009
3909,46015
3909,46017
3909,46023
3909,46027
3909,46035
3909,46043
3909,46053
3909,46061
3909,46067
3909,46073
3909,46079
3909,46083
3909,46087
3909,46097
3909,46099
3909,46101
3909,46111
3909,46125
3909,46127
3909,46135
4001,47001
4001,47009
4001,47011
4001,47013
4001,47019
4001,47025
4001,47029
4001,47057
4001,47059
4001,47063
4001,47065
4001,47067
4001,47073
4001,47089
4001,47091
4001,47093
4001,47105
4001,47107
4001,47121
4001,47123
4001,47139
4001,47143
4001,47145
4001,47155
4001,47163
4001,47171
4001,47173
4001,47179
4002,47007
4002,47031
4002,47035
4002,47049
4002,47051
4002,47061
4002,47115
4002,47129
4002,47133
4002,47137
4002,47141
4002,47151
4002,47153
4002,47175
4002,47177
4002,47185
4003,47003
4003,47005
4003,47015
4003,47021
4003,47027
4003,47037
4003,47039
4003,47041
4003,47043
4003,47055
4003,47071
4003,47081
4003,47083
4003,47085
4003,47087
4003,47099
4003,47101
4003,47103
4003,47111
4003,47117
4003,47119
4003,47125
4003,47127
4003,47135
4003,47147
4003,47149
4003,47159
4003,47161
4003,47165
4003,47169
4003,47181
4003,47187
4003,47189
4004,47017
4004,47023
4004,47033
4004,47045
4004,47047
4004,47053
4004,47069
4004,47075
4004,47077
4004,47079
4004,47095
4004,47097
4004,47109
4004,47113
4004,47131
4004,47157
4004,47167
4004,47183
4101,48003
4101,48011
4101,48017
4101,48045
4101,48065
4101,48069
4101,48079
4101,48107
4101,48111
4101,48115
4101,48117
4101,48153
4101,48165
4101,48173
4101,48179
4101,48189
4101,48195
4101,48205
4101,48211
4101,48219
4101,48227
4101,48233
4101,48279
4101,48295
4101,48303
4101,48305
4101,48317
4101,48329
4101,48341
4101,48357
4101,48359
4101,48369
4101,48375
4101,48381
4101,48393
4101,48421
4101,48437
4101,48445
4101,48501
4102,48023
4102,48033
4102,48075
4102,48083
4102,48087
4102,48101
4102,48125
4102,48129
4102,48151
4102,48155
4102,48169
4102,48191
4102,48197
4102,48207
4102,48253
4102,48263
4102,48269
4102,48275
4102,48335
4102,48345
4102,48353
4102,48399
4102,48415
4102,48433
4102,48441
4102,48483
4102,48485
4102,48487
4103,48009
4103,48027
4103,48035
4103,48049
4103,48059
4103,48077
4103,48085
4103,48093
4103,48097
4103,48099
4103,48113
4103,48119
4103,48121
4103,48133
4103,48139
4103,48143
4103,48145
4103,48147
4103,48181
4103,48193
4103,48217
4103,48221
4103,48231
4103,48237
4103,48251
4103,48257
4103,48277
4103,48293
4103,48309
4103,48331
4103,48333
4103,48337
4103,48349
4103,48363
4103,48367
4103,48397
4103,48417
4103,48425
4103,48429
4103,48439
4103,48447
4103,48491
4103,48497
4103,48503
4104,48001
4104,48005
4104,48037
4104,48041
4104,48063
4104,48067
4104,48073
4104,48159
4104,48161
4104,48183
4104,48185
4104,48199
4104,48203
4104,48213
4104,48223
4104,48225
4104,48241
4104,48289
4104,48313
4104,48315
4104,48339
4104,48343
4104,48347
4104,48351
4104,48365
4104,48373
4104,48379
4104,48387
4104,48395
4104,48401
4104,48403
4104,48405
4104,48407
4104,48419
4104,48423
4104,48449
4104,48455
4104,48457
4104,48459
4104,48467
4104,48471
4104,48473
4104,48499
4105,48043
4105,48103
4105,48109
4105,48135
4105,48141
4105,48229
4105,48243
4105,48301
4105,48371
4105,48377
4105,48389
4105,48443
4105,48475
4105,48495
4106,48019
4106,48031
4106,48053
4106,48081
4106,48095
4106,48105
4106,48137
4106,48171
4106,48235
4106,48259
4106,48265
4106,48267
4106,48271
4106,48281
4106,48299
4106,48307
4106,48319
4106,48327
4106,48383
4106,48385
4106,48411
4106,48413
4106,48431
4106,48435
4106,48451
4106,48461
4106,48463
4106,48465
4107,48007
4107,48015
4107,48021
4107,48025
4107,48029
4107,48051
4107,48055
4107,48089
4107,48091
4107,48123
4107,48149
4107,48175
4107,48177
4107,48187
4107,48209
4107,48255
4107,48273
4107,48285
4107,48287
4107,48325
4107,48355
4107,48391
4107,48409
4107,48453
4107,48477
4107,48493
4108,48039
4108,48057
4108,48071
4108,48157
4108,48167
4108,48201
4108,48239
4108,48245
4108,48291
4108,48321
4108,48361
4108,48469
4108,48481
4109,48013
4109,48047
4109,48127
4109,48131
4109,48163
4109,48247
4109,48249
4109,48261
4109,48283
4109,48297
4109,48311
4109,48323
4109,48427
4109,48479
4109,48505
4109,48507
4110,48061
4110,48215
4110,48489
4201,49001
4201,49003
4201,49021
4201,49023
4201,49027
4201,49045
4201,49053
4202,49053
4203,49003
4203,49005
4203,49011
4203,49023
4203,49035
4203,49039
4203,49045
4203,49049
4203,49057
4204,49001
4204,49015
4204,49017
4204,49021
4204,49023
4204,49025
4204,49027
4204,49031
4204,49039
4204,49041
4204,49053
4204,49055
4205,49003
4205,49005
4205,49007
4205,49009
4205,49011
4205,49013
4205,49029
4205,49033
4205,49035
4205,49039
4205,49043
4205,49047
4205,49049
4205,49051
4205,49057
4206,49007
4206,49013
4206,49015
4206,49019
4206,49047
4207,49007
4207,49015
4207,49017
4207,49019
4207,49025
4207,49037
4207,49047
4207,49055
4301,50001
4301,50005
4301,50009
4301,50011
4301,50015
4301,50017
4301,50019
4301,50021
4301,50023
4301,50027
4302,50001
4302,50003
4302,50007
4302,50011
4302,50013
4302,50015
4302,50021
4302,50023
4302,50025
4303,50003
4303,50017
4303,50021
4303,50025
4303,50027
4401,51001
4401,51036
4401,51057
4401,51073
4401,51081
4401,51093
4401,51095
4401,51097
4401,51099
4401,51101
4401,51103
4401,51115
4401,51119
4401,51127
4401,51131
4401,51133
4401,51149
4401,51159
4401,51175
4401,51179
4401,51181
4401,51183
4401,51193
4401,51199
4401,51550
4401,51650
4401,51700
4401,51710
4401,51730
4401,51735
4401,51740
4401,51800
4401,51810
4402,51007
4402,51025
4402,51029
4402,51033
4402,51041
4402,51049
4402,51053
4402,51065
4402,51075
4402,51085
4402,51087
4402,51109
4402,51111
4402,51117
4402,51135
4402,51145
4402,51147
4402,51177
4402,51760
4403,51003
4403,51009
4403,51011
4403,51019
4403,51031
4403,51037
4403,51067
4403,51083
4403,51089
4403,51125
4403,51141
4403,51143
4403,51540
4403,51590
4403,51680
4404,51013
4404,51043
4404,51047
4404,51059
4404,51061
4404,51069
4404,51079
4404,51107
4404,51113
4404,51137
4404,51139
4404,51153
4404,51157
4404,51171
4404,51187
4404,51510
4404,51683
4405,51005
4405,51015
4405,51017
4405,51023
4405,51045
4405,51091
4405,51161
4405,51163
4405,51165
4405,51660
4405,51770
4405,51775
4406,51021
4406,51027
4406,51035
4406,51051
4406,51063
4406,51071
4406,51077
4406,51105
4406,51121
4406,51155
4406,51167
4406,51169
4406,51173
4406,51185
4406,51191
4406,51195
4406,51197
4501,53009
4501,53027
4501,53031
4501,53045
4501,53049
4501,53069
4502,53009
4502,53029
4502,53031
4502,53055
4502,53057
4502,53061
4503,53009
4503,53031
4503,53033
4503,53035
4503,53041
4503,53053
4503,53057
4503,53061
4503,53067
4503,53073
4504,53009
4504,53011
4504,53015
4504,53027
4504,53031
4504,53033
4504,53035
4504,53041
4504,53045
4504,53049
4504,53053
4504,53057
4504,53059
4504,53061
4504,53067
4504,53069
4504,53073
4505,53011
4505,53015
4505,53033
4505,53041
4505,53053
4505,53057
4505,53059
4505,53061
4505,53073
4506,53007
4506,53037
4506,53039
4506,53047
4506,53077
4507,53001
4507,53007
4507,53017
4507,53025
4507,53043
4507,53047
4507,53063
4507,53075
4508,53001
4508,53005
4508,53007
4508,53017
4508,53021
4508,53025
4508,53037
4508,53039
4508,53043
4508,53071
4508,53075
4508,53077
4509,53019
4509,53043
4509,53047
4509,53051
4509,53063
4509,53065
4510,53001
4510,53003
4510,53013
4510,53023
4510,53063
4510,53071
4510,53075
4601,54009
4601,54029
4601,54051
4601,54069
4601,54073
4601,54085
4601,54095
4601,54103
4601,54105
4601,54107
4602,54001
4602,54007
4602,54013
4602,54017
4602,54021
4602,54033
4602,54041
4602,54049
4602,54061
4602,54085
4602,54091
4602,54095
4602,54097
4602,54103
4603,54005
4603,54011
4603,54015
4603,54035
4603,54039
4603,54043
4603,54045
4603,54053
4603,54059
4603,54079
4603,54087
4603,54099
4604,54019
4604,54023
4604,54025
4604,54055
4604,54057
4604,54067
4604,54071
4604,54075
4604,54077
4604,54081
4604,54083
4604,54089
4604,54093
4604,54101
4605,54025
4605,54047
4605,54055
4605,54063
4605,54089
4605,54109
4606,54003
4606,54023
4606,54027
4606,54031
4606,54037
4606,54057
4606,54065
4606,54071
4701,55005
4701,55007
4701,55013
4701,55017
4701,55031
4701,55095
4701,55107
4701,55113
4701,55129
4702,55003
4702,55019
4702,55051
4702,55069
4702,55073
4702,55085
4702,55099
4702,55119
4702,55125
4703,55037
4703,55041
4703,55067
4703,55075
4703,55078
4703,55083
4703,55115
4704,55011
4704,55033
4704,55035
4704,55053
4704,55063
4704,55081
4704,55091
4704,55093
4704,55109
4704,55121
4705,55001
4705,55047
4705,55057
4705,55077
4705,55097
4705,55135
4705,55137
4705,55141
4706,55009
4706,55015
4706,55029
4706,55039
4706,55061
4706,55071
4706,55087
4706,55117
4706,55139
4707,55023
4707,55043
4707,55049
4707,55065
4707,55103
4707,55111
4707,55123
4708,55021
4708,55025
4708,55027
4708,55045
4708,55055
4708,55105
4709,55059
4709,55079
4709,55089
4709,55101
4709,55127
4709,55131
4709,55133
4801,56029
4801,56039
4802,56013
4802,56023
4802,56035
4802,56039
4803,56007
4803,56013
4803,56023
4803,56035
4803,56037
4803,56039
4803,56041
4804,56003
4804,56017
4804,56019
4804,56025
4804,56029
4804,56033
4804,56043
4805,56005
4805,56009
4805,56011
4805,56019
4805,56025
4805,56033
4805,56043
4806,56005
4806,56011
4806,56045
4807,56005
4807,56009
4807,56015
4807,56027
4807,56045
4808,56001
4808,56007
4808,56009
4808,56015
4808,56021
4808,56025
4808,56027
4808,56031
4809,56013
4809,56017
4809,56025
4809,56035
4810,56001
4810,56007
4810,56009
4810,56013
4810,56025
4810,56035
4810,56037
